5895
5890
5904
5889
5889
5903
5891
5893
5886
5910
5895
5885
5883
5862
5836
5844
5858
5854
5880
5909
5892
5868
5873
5899
5886
5870
5878
5854
5879
5861
5864
5837
5813
5808
5799
5789
5770
5756
5763
5780
5761
5764
5749
5742
5762
5739
5752
5756
5760
5768
5780
5806
5817
5811
5815
5787
5759
5767
5775
5763
5770
5795
5806
5786
5775
5746
5757
5739
5736
5729
5717
5691
5681
5682
5685
5700
5688
5684
5701
5673
5667
5687
5683
5690
5675
5661
5674
5689
5676
5649
5675
5673
5665
5672
5656
5653
5641
5640
5620
5618
